0.000000000000000000e+00
0.000000000000000000e+00
0.000000000000000000e+00
0.000000000000000000e+00
0.000000000000000000e+00
0.000000000000000000e+00
0.000000000000000000e+00
0.000000000000000000e+00
0.000000000000000000e+00
5.308100488036870956e-03
5.538887809962034225e-03
8.539118804037570953e-03
6.923609413206577301e-03
7.846757769584655762e-03
2.792522497475147247e-02
2.077082917094230652e-02
3.023309446871280670e-02
3.784906491637229919e-02
4.661897197365760803e-02
5.123471096158027649e-02
2.261712402105331421e-02
5.100392177700996399e-02
4.200322926044464111e-02
3.761827945709228516e-02
3.277175128459930420e-02
3.692591562867164612e-02
5.885067954659461975e-02
1.038541458547115326e-02
4.800369217991828918e-02
2.677129022777080536e-02
3.207939118146896362e-02
1.234710365533828735e-01
4.269559308886528015e-02
3.346411138772964478e-02
4.384952783584594727e-02
1.707823760807514191e-02
1.130856201052665710e-02
2.769443904981017113e-03
0.000000000000000000e+00
4.846526775509119034e-03
0.000000000000000000e+00
0.000000000000000000e+00
0.000000000000000000e+00
2.769443904981017113e-03
1.015462726354598999e-02
3.000230761244893074e-03
3.231017850339412689e-03
0.000000000000000000e+00
0.000000000000000000e+00
5.308100488036870956e-03
0.000000000000000000e+00
6.692822556942701340e-03
1.084698829799890518e-02
0.000000000000000000e+00
2.538656815886497498e-03
0.000000000000000000e+00
0.000000000000000000e+00
0.000000000000000000e+00
1.615508832037448883e-02
2.769443904981017113e-03
0.000000000000000000e+00
0.000000000000000000e+00
0.000000000000000000e+00
0.000000000000000000e+00
3.461804706603288651e-03
3.231017850339412689e-03
0.000000000000000000e+00
0.000000000000000000e+00
0.000000000000000000e+00
0.000000000000000000e+00
0.000000000000000000e+00
0.000000000000000000e+00
2.538656815886497498e-03
